[3.981e-01 3.420e-01 6.890e-02 6.285e-01 7.980e-02 4.848e-01 3.265e-01
 6.346e-01 4.126e-01 5.867e-01 1.780e-01 4.009e-01 2.331e-01 2.237e-01
 7.314e-01 9.030e-02 3.593e-01 6.807e-01 0.000e+00 5.033e-01 1.692e-01
 1.430e-01 2.533e-01 3.152e-01 1.346e-01 5.955e-01 0.000e+00 4.765e-01
 6.520e-02 1.100e-02 5.672e-01 5.800e-03 4.085e-01 2.800e-01 4.620e-01
 4.675e-01 2.358e-01 1.059e-01 6.838e-01 6.019e-01 1.637e-01 0.000e+00
 4.079e-01 4.699e-01 5.494e-01 1.707e-01 8.470e-02 1.680e-01 2.102e-01
 2.044e-01 2.842e-01 6.596e-01 4.968e-01 1.438e-01 4.930e-02 2.271e-01
 1.765e-01 4.994e-01 5.060e-01 7.670e-02 1.759e-01 1.814e-01 1.210e-01
 4.653e-01 2.913e-01 3.687e-01 5.483e-01 1.380e-01 4.806e-01 4.767e-01
 1.117e-01 5.438e-01 0.000e+00 1.973e-01 3.021e-01 4.150e-01 7.102e-01
 1.173e-01 3.486e-01 4.180e-01 4.101e-01 1.199e-01 5.457e-01 2.313e-01
 4.943e-01 3.142e-01 3.126e-01 1.056e-01 5.352e-01 2.022e-01 4.544e-01
 4.136e-01 8.175e-01 3.763e-01 3.950e-01 4.310e-01 4.405e-01 3.047e-01
 1.081e-01 2.714e-01 5.398e-01 3.150e-01 2.252e-01 4.191e-01 5.499e-01
 2.239e-01 5.950e-01 6.171e-01 6.024e-01 1.878e-01 4.661e-01 1.455e-01
 2.099e-01 5.591e-01 3.767e-01 2.683e-01 4.369e-01 2.036e-01 3.250e-01
 4.184e-01 5.370e-02 5.179e-01 1.459e-01 2.538e-01 8.800e-02 1.081e-01
 5.533e-01 3.843e-01 5.131e-01 4.619e-01 4.305e-01 0.000e+00 2.752e-01
 4.381e-01 6.300e-02 6.729e-01 4.832e-01 3.805e-01 3.020e-01 6.054e-01
 1.389e-01 1.142e-01 2.880e-01 3.455e-01 2.000e-01 5.665e-01 5.575e-01
 1.709e-01 0.000e+00 3.794e-01 1.609e-01 0.000e+00 6.626e-01 4.927e-01
 3.455e-01 2.155e-01 1.750e-02 1.577e-01 2.740e-02 4.390e-01 3.749e-01
 2.271e-01 5.468e-01 3.940e-01 3.800e-01 3.765e-01 4.574e-01 3.705e-01
 0.000e+00 1.623e-01 5.696e-01 2.200e-02 6.256e-01 2.194e-01 4.014e-01
 2.659e-01 5.213e-01 6.270e-02 5.090e-01 0.000e+00 4.065e-01 2.090e-02
 2.929e-01 5.790e-01 6.050e-02 2.900e-01 3.829e-01 1.812e-01 5.628e-01
 3.987e-01 1.225e-01 2.846e-01 4.440e-01 1.901e-01 4.104e-01 6.080e-02
 0.000e+00 0.000e+00 5.507e-01 5.450e-02 2.724e-01 1.171e-01 0.000e+00
 1.515e-01 4.985e-01 1.407e-01 4.991e-01 5.965e-01 2.800e-01 1.184e-01
 8.730e-02 2.067e-01 6.580e-02 2.554e-01 5.658e-01 5.939e-01 5.813e-01
 3.895e-01 7.320e-02 1.530e-01 4.237e-01 3.045e-01 1.180e-01 5.284e-01
 9.740e-02 6.388e-01 4.899e-01 5.002e-01 4.505e-01 2.131e-01 0.000e+00
 4.630e-01 6.525e-01 6.301e-01 1.854e-01 6.760e-02 2.031e-01 4.197e-01
 1.987e-01 2.667e-01 7.190e-01 6.116e-01 1.556e-01 5.127e-01 3.947e-01
 3.840e-01 5.116e-01 2.420e-01 5.149e-01 9.050e-02 4.880e-02 7.431e-01
 5.563e-01 1.639e-01 5.376e-01 0.000e+00 0.000e+00 3.940e-01 4.159e-01
 3.880e-02 1.170e-01 6.324e-01 1.130e-02 5.333e-01 5.272e-01 1.387e-01
 1.876e-01 1.207e-01 1.686e-01 1.618e-01 0.000e+00 5.688e-01 1.687e-01
 5.470e-01 4.928e-01 4.083e-01 3.421e-01 3.450e-02 1.100e-02 1.625e-01
 2.943e-01 5.930e-02 2.886e-01 2.514e-01 5.924e-01 4.602e-01 5.321e-01
 4.227e-01 5.110e-01 2.732e-01 1.459e-01 0.000e+00 4.754e-01 1.300e-01
 5.332e-01 1.285e-01 4.798e-01 5.930e-01 4.894e-01 2.268e-01 2.218e-01
 1.505e-01 6.409e-01 2.901e-01 4.530e-01 1.863e-01 2.612e-01 1.611e-01
 2.502e-01 0.000e+00 6.204e-01 2.570e-01 6.467e-01 1.050e-01 5.111e-01
 7.930e-02 4.001e-01 6.289e-01 3.920e-01 2.123e-01 4.707e-01 9.000e-04
 3.946e-01 2.887e-01 2.912e-01 4.296e-01 5.501e-01 4.210e-01 0.000e+00
 4.249e-01 1.519e-01 3.353e-01 4.591e-01 5.880e-02 4.978e-01 0.000e+00
 4.637e-01 0.000e+00 2.130e-01 1.444e-01 3.872e-01 5.530e-02 4.831e-01
 5.368e-01 4.336e-01 2.710e-02 0.000e+00 4.281e-01 7.280e-02 1.314e-01
 4.415e-01 5.046e-01 3.325e-01 3.040e-02 1.709e-01 4.318e-01 2.849e-01
 1.164e-01 5.038e-01 3.655e-01 1.000e+00 6.810e-02 3.226e-01 1.094e-01
 2.652e-01 2.896e-01 5.176e-01 5.410e-01 6.341e-01 0.000e+00 3.115e-01
 2.359e-01 4.853e-01 1.160e-01 4.675e-01 5.841e-01 3.535e-01 4.072e-01
 1.338e-01 3.050e-02 5.139e-01 2.990e-02 4.794e-01 4.693e-01 3.090e-02
 1.600e-01 5.649e-01 0.000e+00 5.232e-01 4.897e-01 1.233e-01 1.257e-01
 5.615e-01 3.874e-01 5.932e-01 5.817e-01 1.529e-01 7.675e-01 3.412e-01
 2.309e-01 4.820e-01 4.812e-01 3.886e-01 1.440e-01 1.778e-01 3.700e-02
 5.241e-01 8.500e-03 1.475e-01 4.028e-01 8.730e-02 1.045e-01 3.434e-01
 0.000e+00 4.255e-01 1.172e-01 1.536e-01 1.900e-01 4.590e-01 3.998e-01
 3.051e-01 0.000e+00 4.594e-01 4.735e-01 3.435e-01 2.613e-01 0.000e+00
 2.187e-01 1.567e-01 4.898e-01 1.119e-01 1.530e-01 2.900e-01 4.221e-01
 7.569e-01 6.461e-01 3.180e-02 3.024e-01 4.148e-01 3.914e-01 4.500e-01
 4.396e-01 4.877e-01 1.013e-01 6.518e-01 4.000e-03 4.374e-01 9.240e-02
 6.748e-01 4.271e-01 1.272e-01 4.720e-02 9.870e-02 1.062e-01 3.071e-01
 5.530e-02 1.450e-01 1.471e-01 0.000e+00 3.705e-01 5.238e-01 4.886e-01
 1.132e-01 3.674e-01 5.481e-01 5.294e-01 1.694e-01 3.883e-01 2.071e-01
 5.800e-03 2.924e-01 3.573e-01 4.216e-01 3.252e-01 6.055e-01 4.128e-01
 5.608e-01 3.888e-01 4.922e-01 3.625e-01 4.674e-01 4.223e-01 2.346e-01
 3.998e-01 4.343e-01 6.771e-01 4.341e-01 3.118e-01 1.764e-01 1.704e-01
 5.100e-02 3.195e-01 8.190e-02 6.267e-01 5.415e-01 2.173e-01 1.610e-01
 3.980e-01 4.292e-01 2.704e-01 4.233e-01 3.179e-01 1.896e-01 9.200e-02
 2.870e-01 0.000e+00 4.743e-01 1.142e-01 6.531e-01 5.466e-01 1.710e-02
 4.589e-01 3.048e-01 5.536e-01 2.543e-01 2.067e-01 1.127e-01 0.000e+00
 6.130e-01 7.590e-02 4.068e-01 4.985e-01 3.990e-01 3.605e-01 1.215e-01
 4.528e-01 1.680e-02 0.000e+00 5.930e-01 1.973e-01 1.600e-03 5.630e-02
 0.000e+00 4.760e-02 5.284e-01 0.000e+00 1.193e-01 5.505e-01 4.404e-01
 2.549e-01 0.000e+00 0.000e+00 6.042e-01 1.287e-01 1.591e-01 3.439e-01
 3.162e-01 3.824e-01 1.920e-01 6.332e-01 2.854e-01 5.578e-01 2.048e-01
 5.135e-01 5.892e-01 0.000e+00 0.000e+00 5.068e-01 5.192e-01 5.880e-02
 1.960e-02 6.957e-01 6.777e-01 6.758e-01 4.500e-03 5.224e-01 5.465e-01
 4.367e-01 2.424e-01 5.478e-01 5.555e-01 1.923e-01 1.462e-01 3.720e-01
 3.815e-01 2.200e-01 1.241e-01 4.804e-01 1.561e-01 5.631e-01 1.470e-01
 8.580e-02 5.309e-01 2.865e-01 4.640e-01 5.059e-01 3.364e-01 1.100e-03
 6.130e-01 1.729e-01 3.990e-01 2.918e-01 7.748e-01 3.060e-01 1.099e-01
 3.662e-01 3.037e-01 4.992e-01 1.833e-01 5.258e-01 1.289e-01 1.605e-01
 7.016e-01 7.420e-02 1.178e-01 7.330e-02 5.963e-01 3.103e-01 5.022e-01
 2.094e-01 6.535e-01 3.976e-01 0.000e+00 0.000e+00 4.826e-01 4.110e-02
 7.450e-02 4.815e-01 0.000e+00 3.413e-01 5.442e-01 1.537e-01 5.603e-01
 3.047e-01 2.749e-01 1.851e-01 3.985e-01 4.642e-01 7.330e-02 4.678e-01
 1.259e-01 4.416e-01 5.760e-02 1.494e-01 3.793e-01 6.093e-01 5.130e-01
 1.901e-01 2.005e-01 4.594e-01 2.293e-01 7.720e-02 2.206e-01 0.000e+00
 2.910e-02 3.135e-01 5.887e-01 3.353e-01 4.217e-01 4.822e-01 3.462e-01
 2.200e-01 3.554e-01 5.004e-01 4.755e-01 1.185e-01 2.839e-01 0.000e+00
 2.657e-01 4.673e-01 1.478e-01 0.000e+00 2.132e-01 3.984e-01 5.367e-01
 1.867e-01 3.364e-01 4.702e-01 9.520e-02 4.305e-01 8.470e-02 2.190e-02
 4.782e-01 2.490e-02 5.104e-01 2.116e-01 5.753e-01 5.070e-01 7.500e-02
 1.217e-01 4.906e-01 4.716e-01 6.800e-03 4.710e-01 3.153e-01 1.244e-01
 4.977e-01 3.386e-01 9.940e-02 2.500e-02 4.953e-01 1.631e-01 3.249e-01
 1.956e-01 1.321e-01 5.998e-01 2.729e-01 2.179e-01 5.565e-01 1.540e-01
 2.264e-01 5.182e-01 2.005e-01 7.140e-01 1.583e-01 1.421e-01 4.427e-01
 3.725e-01 7.080e-02 1.758e-01 1.053e-01 2.771e-01 1.464e-01 5.370e-01
 9.400e-02 4.119e-01 3.160e-01 8.190e-02 4.836e-01 0.000e+00 4.697e-01
 7.900e-02 8.690e-01 3.242e-01 3.923e-01 4.819e-01 3.006e-01 1.767e-01
 3.215e-01 6.200e-01 1.272e-01 3.381e-01 4.361e-01 1.790e-01 1.119e-01
 2.590e-02 1.105e-01 2.976e-01 3.479e-01 0.000e+00 3.450e-01 4.196e-01
 1.345e-01 1.085e-01 3.004e-01 3.595e-01 5.612e-01 1.791e-01 5.779e-01
 5.885e-01 0.000e+00 1.304e-01 5.170e-01 5.818e-01 3.202e-01 1.737e-01
 4.809e-01 9.020e-02 3.934e-01 3.737e-01 5.869e-01 4.807e-01 1.719e-01
 1.317e-01 3.720e-01 4.500e-03 4.054e-01 1.848e-01 4.629e-01 5.075e-01
 3.443e-01 3.634e-01 6.630e-02 4.364e-01 6.520e-02 1.521e-01 6.389e-01
 2.011e-01 1.954e-01 1.591e-01 6.230e-02 3.824e-01 1.060e-01 3.706e-01
 6.764e-01 4.190e-01 1.630e-01 5.980e-02 2.945e-01 4.950e-02 0.000e+00
 1.126e-01 3.162e-01 4.897e-01 1.657e-01 3.579e-01 2.210e-01 4.300e-01
 5.528e-01 1.645e-01 8.000e-02 2.256e-01 4.926e-01 9.980e-02 3.030e-01
 3.946e-01 7.681e-01 8.240e-02 1.809e-01 1.223e-01 4.710e-01 1.759e-01
 4.680e-01 7.151e-01 5.345e-01 3.599e-01 2.511e-01 6.667e-01 7.437e-01
 5.967e-01 1.108e-01 4.814e-01 2.769e-01 1.978e-01 6.181e-01 4.483e-01
 3.997e-01 3.795e-01 5.132e-01 5.542e-01 4.827e-01 4.445e-01 5.334e-01
 7.717e-01 5.245e-01 0.000e+00 1.520e-01 8.425e-01 9.540e-02 5.086e-01
 4.603e-01 2.229e-01 2.751e-01 0.000e+00 4.462e-01 1.839e-01 5.108e-01
 2.272e-01 3.330e-02 4.955e-01 2.210e-02 5.421e-01 2.591e-01 1.659e-01
 4.071e-01 3.971e-01 1.257e-01 0.000e+00 0.000e+00 3.489e-01 3.505e-01
 4.490e-01 2.649e-01 7.242e-01 2.636e-01 3.695e-01 5.411e-01 1.709e-01
 3.514e-01 3.405e-01 8.740e-02 4.837e-01 5.406e-01 3.988e-01 1.160e-02
 5.011e-01 4.441e-01 2.041e-01 0.000e+00 3.910e-02 7.210e-02 4.474e-01
 4.805e-01 5.312e-01 5.385e-01 4.964e-01 1.854e-01 6.539e-01 5.032e-01
 0.000e+00 1.963e-01 3.881e-01 3.727e-01 1.334e-01 2.977e-01 4.861e-01
 0.000e+00 3.592e-01 3.939e-01 6.985e-01 1.703e-01 1.544e-01 1.727e-01
 0.000e+00 1.879e-01 7.052e-01 4.905e-01 1.332e-01 7.224e-01 2.478e-01
 1.849e-01 1.677e-01 5.267e-01 1.822e-01 5.285e-01 4.219e-01 5.341e-01
 5.500e-01 3.728e-01 4.854e-01 5.089e-01 4.619e-01 5.158e-01 1.344e-01
 4.697e-01 6.790e-02 5.317e-01 6.407e-01 5.790e-02 7.500e-02 1.598e-01
 2.581e-01 1.825e-01 3.812e-01 4.340e-01 7.300e-03 3.980e-01 3.390e-01
 2.482e-01 4.943e-01 9.930e-02 4.853e-01 2.200e-03 5.364e-01 6.930e-01
 1.699e-01 1.684e-01 6.947e-01 1.447e-01 8.820e-02 4.888e-01 5.242e-01
 1.018e-01 0.000e+00 4.536e-01 0.000e+00 0.000e+00 3.134e-01 4.761e-01
 3.555e-01 1.940e-02 4.758e-01 7.457e-01 1.302e-01 2.460e-02 0.000e+00
 3.480e-01 4.380e-01 4.740e-02 3.537e-01 5.808e-01 4.374e-01 4.621e-01
 1.731e-01 2.504e-01 7.035e-01 6.905e-01 6.506e-01 1.502e-01 0.000e+00
 2.170e-02 2.440e-02 1.847e-01 3.214e-01 2.050e-01 0.000e+00 1.785e-01
 9.570e-02 1.196e-01 3.051e-01 4.086e-01 1.288e-01 1.889e-01 4.712e-01
 9.890e-02 1.630e-01 4.768e-01 5.091e-01 4.367e-01 3.768e-01]